0 -2.85714 -1.42857
-0.177757 -2.82536 -1.3238
-0.351407 -2.78167 -1.21513
-0.520136 -2.72665 -1.10326
-0.683204 -2.6609 -0.98885
-0.839953 -2.58511 -0.872578
-0.989802 -2.49995 -0.755076
-1.13225 -2.40615 -0.636951
-1.26686 -2.30442 -0.518777
-1.3933 -2.19548 -0.401094
-1.51126 -2.08006 -0.284405
-1.62052 -1.95887 -0.169176
-1.72092 -1.8326 -0.0558369
-1.81236 -1.70192 0.0552203
-1.89476 -1.56748 0.163639
-1.96812 -1.42992 0.269098
-2.03244 -1.28983 0.371308
-2.0878 -1.14778 0.470011
-2.13427 -1.00431 0.564978
-2.17196 -0.859938 0.656009
-2.201 -0.715148 0.742926
-2.22155 -0.570397 0.825576
-2.23376 -0.426113 0.903825
-2.23782 -0.282703 0.97756
-2.23391 -0.140546 1.04668
-2.22222 -1.36072e-16 1.11111
-2.20295 0.138598 1.17077
-2.1763 0.274931 1.22561
-2.14247 0.408698 1.27558
-2.10167 0.539617 1.32064
-2.0541 0.667418 1.36076
-1.99997 0.791844 1.39591
-1.93948 0.912651 1.42607
-1.87284 1.0296 1.45122
-1.80024 1.14247 1.47136
-1.7219 1.25103 1.48647
-1.63801 1.35508 1.49654
-1.54877 1.45439 1.50158
-1.45439 1.54877 1.50158
-1.35508 1.63801 1.49654
-1.25103 1.7219 1.48647
-1.14247 1.80024 1.47136
-1.0296 1.87284 1.45122
-0.912651 1.93948 1.42607
-0.791844 1.99997 1.39591
-0.667418 2.0541 1.36076
-0.539617 2.10167 1.32064
-0.408698 2.14247 1.27558
-0.274931 2.1763 1.22561
-0.138598 2.20295 1.17077
-2.72144e-16 2.22222 1.11111
0.140546 2.23391 1.04668
0.282703 2.23782 0.97756
0.426113 2.23376 0.903825
0.570397 2.22155 0.825576
0.715148 2.201 0.742926
0.859938 2.17196 0.656009
1.00431 2.13427 0.564978
1.14778 2.0878 0.470011
1.28983 2.03244 0.371308
1.42992 1.96812 0.269098
1.56748 1.89476 0.163639
1.70192 1.81236 0.0552203
1.8326 1.72092 -0.0558369
1.95887 1.62052 -0.169176
2.08006 1.51126 -0.284405
2.19548 1.3933 -0.401094
2.30442 1.26686 -0.518777
2.40615 1.13225 -0.636951
2.49995 0.989802 -0.755076
2.58511 0.839953 -0.872578
2.6609 0.683204 -0.98885
2.72665 0.520136 -1.10326
2.78167 0.351407 -1.21513
2.82536 0.177757 -1.3238
2.85714 5.24849e-16 -1.42857
2.8765 -0.180974 -1.52874
2.88298 -0.364206 -1.6236
2.87625 -0.548674 -1.71246
2.85603 -0.733304 -1.79467
2.82216 -0.916974 -1.86957
2.77458 -1.09854 -1.93656
2.71337 -1.27682 -1.99509
2.63871 -1.45064 -2.04467
2.5509 -1.61885 -2.08487
2.45038 -1.7803 -2.11534
2.3377 -1.93391 -2.13581
2.21353 -2.07864 -2.14609
2.07864 -2.21353 -2.14609
1.93391 -2.3377 -2.13581
1.7803 -2.45038 -2.11534
1.61885 -2.5509 -2.08487
1.45064 -2.63871 -2.04467
1.27682 -2.71337 -1.99509
1.09854 -2.77458 -1.93656
0.916974 -2.82216 -1.86957
0.733304 -2.85603 -1.79467
0.548674 -2.87625 -1.71246
0.364206 -2.88298 -1.6236
0.180974 -2.8765 -1.52874
