origin
-10 0 5

points
0.770014 9.12871 4.17935
0.313578 6.84653 3.26648
-0.142857 4.56435 2.35361
-0.599293 2.28218 1.44073
-1.05573 0 0.527864
-1.51216 -2.28218 -0.385007
-1.9686 -4.56435 -1.29788
-2.42503 -6.84653 -2.21075
-2.88147 -9.12871 -3.12362
-1.46605 9.12871 5.29738
-1.92249 6.84653 4.38451
-2.37893 4.56435 3.47164
-2.83536 2.28218 2.55877
-3.2918 0 1.6459
-3.74823 -2.28218 0.733027
-4.20467 -4.56435 -0.179844
-4.6611 -6.84653 -1.09271
-5.11754 -9.12871 -2.00559
-3.70212 9.12871 6.41542
-4.15856 6.84653 5.50254
-4.61499 4.56435 4.58967
-5.07143 2.28218 3.6768
-5.52786 0 2.76393
-5.9843 -2.28218 1.85106
-6.44073 -4.56435 0.93819
-6.89717 -6.84653 0.0253192
-7.35361 -9.12871 -0.887552
-5.93819 9.12871 7.53345
-6.39463 6.84653 6.62058
-6.85106 4.56435 5.70771
-7.3075 2.28218 4.79484
-7.76393 0 3.88197
-8.22037 -2.28218 2.9691
-8.6768 -4.56435 2.05622
-9.13324 -6.84653 1.14335
-9.58967 -9.12871 0.230482
-8.17426 9.12871 8.65148
-8.63069 6.84653 7.73861
-9.08713 4.56435 6.82574
-9.54356 2.28218 5.91287
-10.4564 -2.28218 4.08713
-10.9129 -4.56435 3.17426
-11.3693 -6.84653 2.26139
-11.8257 -9.12871 1.34852
-10.4103 9.12871 9.76952
-10.8668 6.84653 8.85665
-11.3232 4.56435 7.94378
-11.7796 2.28218 7.0309
-12.2361 0 6.11803
-12.6925 -2.28218 5.20516
-13.1489 -4.56435 4.29229
-13.6054 -6.84653 3.37942
-14.0618 -9.12871 2.46655
-12.6464 9.12871 10.8876
-13.1028 6.84653 9.97468
-13.5593 4.56435 9.06181
-14.0157 2.28218 8.14894
-14.4721 0 7.23607
-14.9286 -2.28218 6.3232
-15.385 -4.56435 5.41033
-15.8414 -6.84653 4.49746
-16.2979 -9.12871 3.58458
-14.8825 9.12871 12.0056
-15.3389 6.84653 11.0927
-15.7953 4.56435 10.1798
-16.2518 2.28218 9.26697
-16.7082 0 8.3541
-17.1646 -2.28218 7.44123
-17.6211 -4.56435 6.52836
-18.0775 -6.84653 5.61549
-18.5339 -9.12871 4.70262
-17.1185 9.12871 13.1236
-17.575 6.84653 12.2107
-18.0314 4.56435 11.2979
-18.4878 2.28218 10.385
-18.9443 0 9.47214
-19.4007 -2.28218 8.55927
-19.8571 -4.56435 7.64639
-20.3136 -6.84653 6.73352
-20.77 -9.12871 5.82065
