axis
0 0 -10
0 0 10

apex
0 0 10

base
0 -5 -10
-0.695866 -4.95134 -10
-1.37819 -4.80631 -10
-2.03368 -4.56773 -10
-2.6496 -4.24024 -10
-3.21394 -3.83022 -10
-3.71572 -3.34565 -10
-4.14519 -2.79596 -10
-4.49397 -2.19186 -10
-4.75528 -1.54508 -10
-4.92404 -0.868241 -10
-4.99695 -0.174497 -10
-4.97261 0.522642 -10
-4.85148 1.20961 -10
-4.63592 1.87303 -10
-4.33013 2.5 -10
-3.94005 3.07831 -10
-3.47329 3.5967 -10
-2.93893 4.04508 -10
-2.34736 4.41474 -10
-1.7101 4.69846 -10
-1.03956 4.89074 -10
-0.348782 4.98782 -10
0.348782 4.98782 -10
1.03956 4.89074 -10
1.7101 4.69846 -10
2.34736 4.41474 -10
2.93893 4.04508 -10
3.47329 3.5967 -10
3.94005 3.07831 -10
4.33013 2.5 -10
4.63592 1.87303 -10
4.85148 1.20961 -10
4.97261 0.522642 -10
4.99695 -0.174497 -10
4.92404 -0.868241 -10
4.75528 -1.54508 -10
4.49397 -2.19186 -10
4.14519 -2.79596 -10
3.71572 -3.34565 -10
3.21394 -3.83022 -10
2.6496 -4.24024 -10
2.03368 -4.56773 -10
1.37819 -4.80631 -10
0.695866 -4.95134 -10

generatrix
0 -5 -10
0 -4.88636 -9.54545
0 -4.77273 -9.09091
0 -4.65909 -8.63636
0 -4.54545 -8.18182
0 -4.43182 -7.72727
0 -4.31818 -7.27273
0 -4.20455 -6.81818
0 -4.09091 -6.36364
0 -3.97727 -5.90909
0 -3.86364 -5.45455
0 -3.75 -5
0 -3.63636 -4.54545
0 -3.52273 -4.09091
0 -3.40909 -3.63636
0 -3.29545 -3.18182
0 -3.18182 -2.72727
0 -3.06818 -2.27273
0 -2.95455 -1.81818
0 -2.84091 -1.36364
0 -2.72727 -0.909091
0 -2.61364 -0.454545
0 -2.5 0
0 -2.38636 0.454545
0 -2.27273 0.909091
0 -2.15909 1.36364
0 -2.04545 1.81818
0 -1.93182 2.27273
0 -1.81818 2.72727
0 -1.70455 3.18182
0 -1.59091 3.63636
0 -1.47727 4.09091
0 -1.36364 4.54545
0 -1.25 5
0 -1.13636 5.45455
0 -1.02273 5.90909
0 -0.909091 6.36364
0 -0.795455 6.81818
0 -0.681818 7.27273
0 -0.568182 7.72727
0 -0.454545 8.18182
0 -0.340909 8.63636
0 -0.227273 9.09091
0 -0.113636 9.54545
0 0 10
